1 10 20
10 1 20
100 200 125
200 100 125
201 210 89
210 201 89
900 1000 174
1000 900 174
880 700 179
700 880 179
1 2 2
2 1 2
5 5 6
8 8 4
550 549 93
549 550 93
7500 7499 177
7499 7500 177
15000 12000 276
12000 15000 276
123123 321321 443
321321 123123 443
1 1 1
444 444 72
9999 9999 92
9999 9881 242
9881 9999 242
999999 999999 259
989898 898989 507
898989 989898 507
1 999999 525
999999 1 525
11 11 15
2 2 2
2 999 179
999 2 179
3 6 9
6 3 9
2 4 8
4 2 8
255 525 144
525 255 144
234324 34223 443
34223 234324 443
111 111 70
123 654756 509
654756 123 509
17 71 113
71 17 113
8889 98888 351
98888 8889 351
13579 24680 282
24680 13579 282
444777 444777 144
999990 999991 166
12 24 21
43 666 145
7465 1 262
1 7465 262
8 1 17
1 8 17
9234 1 262
17 19 21
19 17 21
5 5 6
72845 27248 340
87648 138473 354
123124 245334 443
23 273957 443
999999 636 525
123423 123122 331
3564 235 217
2356 6468 262
3535 45786 324
9999 1 262
12 873 179
9999 1111 262
1111 9999 262
85 85 10
85 86 31
9283 23423 279
23423 2384 279
48768 256245 443
1345 256 182
15436 2346 276
52346 24 324
236 1 128
2346 9 183
14546 12346 276
13453 135235 354
1235 1235 133
6745 3 262
457 12355 268
42456 1345 324
19467 125 279
4352 4976 215
975 23 179
324 5 131
23 2 21
145 999999 525
342 6 144
957856 123 525
1435 347 182
2346 3 183
28 435346 449
546354 2 470
3346 235 217
436457 42 449
234 45234 324
345234 3452 443
683674 2345 509
145234 1234 375
123516 999999 525
65765 234235 443
355346 645 443
235357 965732 525
1 1100 179
11001 1 268
345325 345 443
564123 81456 470
